$ANSIBLE_VAULT;1.1;AES256
32333662313531666238303863323463613932633837363636316437623935356562633234353635
3332326263626332633764323863613037613330323137620a613166656230326466366432653063
39666636373038363366636333376233316134323437383933393364313364373130383939353064
3739613836346638300a333938373731313033633361623236306437313265323439353635343836
64646362303132653330616333666263663364613437633730363738393662393938373661366661
30363432323632623635653033643433303932346633346663633661393130633261383738343261
38366334663036376532306232386337316639626364626261326136383739306166363630346531
34626566353361386263393231363537316635363438656261326636366133646464353335396266
30663666313961626266353335336137646330376139386436643839373263633237363963316162
66363531303535333334386438646537616664626461633164353863666262633237333161343439
626265336433353465376331636538633535
